938.0 914.0 946.0 918.0 940.0 929.0 933.0 927.0 small-vehicle 1
815.0 717.0 805.0 715.0 814.0 701.0 821.0 704.0 small-vehicle 1
824.0 719.0 815.0 716.0 822.0 706.0 830.0 708.0 small-vehicle 1
1018.0 945.0 1024.0 949.0 1018.0 964.0 1012.0 963.0 small-vehicle 1
991.0 936.0 999.0 940.0 992.0 954.0 985.0 951.0 small-vehicle 1
972.0 928.0 978.0 931.0 971.0 947.0 964.0 944.0 small-vehicle 1
961.0 925.0 969.0 929.0 964.0 941.0 958.0 938.0 small-vehicle 1
953.0 920.0 961.0 921.0 956.0 935.0 948.0 933.0 small-vehicle 1
1000.0 987.0 1000.0 982.0 1018.0 987.0 1013.0 993.0 small-vehicle 1
794.0 710.0 786.0 705.0 799.0 692.0 805.0 697.0 small-vehicle 1
969.0 974.0 971.0 968.0 986.0 974.0 984.0 979.0 small-vehicle 1
944.0 965.0 945.0 959.0 960.0 964.0 958.0 971.0 small-vehicle 1
923.0 957.0 927.0 948.0 940.0 955.0 936.0 962.0 small-vehicle 1
893.0 944.0 896.0 939.0 912.0 944.0 909.0 951.0 small-vehicle 1
801.0 714.0 795.0 707.0 806.0 697.0 813.0 701.0 small-vehicle 1
864.0 798.0 872.0 801.0 866.0 817.0 858.0 813.0 small-vehicle 1
1000.0 715.0 994.0 711.0 1000.0 696.0 1008.0 699.0 small-vehicle 1
1020.0 724.0 1013.0 719.0 1022.0 705.0 1024.0 716.0 small-vehicle 1
1009.0 719.0 1000.0 716.0 1010.0 700.0 1018.0 703.0 small-vehicle 1
991.0 711.0 985.0 708.0 991.0 693.0 999.0 697.0 small-vehicle 1
872.0 779.0 878.0 782.0 872.0 795.0 866.0 792.0 small-vehicle 1
984.0 708.0 976.0 704.0 982.0 688.0 990.0 691.0 small-vehicle 1
975.0 706.0 969.0 702.0 975.0 687.0 982.0 690.0 small-vehicle 1
967.0 700.0 957.0 697.0 965.0 683.0 975.0 687.0 small-vehicle 1
928.0 764.0 932.0 758.0 947.0 764.0 944.0 772.0 small-vehicle 1
930.0 812.0 928.0 821.0 910.0 817.0 912.0 810.0 small-vehicle 1
920.0 831.0 917.0 840.0 903.0 836.0 905.0 828.0 small-vehicle 1
878.0 758.0 886.0 761.0 879.0 775.0 872.0 773.0 small-vehicle 1
896.0 509.0 903.0 512.0 898.0 526.0 891.0 523.0 small-vehicle 1
914.0 547.0 909.0 541.0 921.0 528.0 927.0 535.0 small-vehicle 0
948.0 556.0 955.0 557.0 949.0 574.0 942.0 572.0 small-vehicle 0
936.0 551.0 943.0 553.0 939.0 568.0 932.0 565.0 small-vehicle 1
675.0 977.0 678.0 971.0 696.0 975.0 694.0 983.0 small-vehicle 1
874.0 930.0 868.0 935.0 856.0 922.0 863.0 916.0 small-vehicle 1
837.0 713.0 845.0 714.0 844.0 728.0 835.0 727.0 small-vehicle 1
729.0 684.0 732.0 679.0 748.0 686.0 745.0 692.0 small-vehicle 1
794.0 985.0 788.0 982.0 795.0 967.0 802.0 970.0 small-vehicle 1
781.0 989.0 786.0 994.0 774.0 1004.0 769.0 999.0 small-vehicle 1
907.0 607.0 909.0 601.0 924.0 607.0 921.0 614.0 small-vehicle 1
873.0 675.0 875.0 669.0 894.0 677.0 892.0 683.0 small-vehicle 1
878.0 666.0 880.0 659.0 897.0 668.0 894.0 674.0 small-vehicle 1
883.0 659.0 884.0 654.0 900.0 660.0 899.0 666.0 small-vehicle 1
907.0 644.0 905.0 649.0 889.0 641.0 892.0 636.0 small-vehicle 1
895.0 632.0 897.0 627.0 913.0 634.0 910.0 640.0 small-vehicle 1
901.0 626.0 903.0 620.0 918.0 626.0 915.0 631.0 small-vehicle 1
904.0 617.0 908.0 613.0 919.0 621.0 916.0 625.0 small-vehicle 1
910.0 597.0 913.0 592.0 927.0 599.0 925.0 604.0 small-vehicle 1
914.0 589.0 916.0 583.0 930.0 592.0 928.0 597.0 small-vehicle 1
