859.0 191.0 867.0 184.0 879.0 197.0 871.0 203.0 large-vehicle 0
869.0 181.0 873.0 175.0 889.0 188.0 884.0 193.0 large-vehicle 0
876.0 172.0 883.0 167.0 896.0 180.0 890.0 184.0 large-vehicle 0
964.0 103.0 972.0 97.0 982.0 115.0 973.0 122.0 large-vehicle 0
974.0 95.0 984.0 90.0 996.0 111.0 987.0 117.0 large-vehicle 0
998.0 85.0 1007.0 81.0 1018.0 101.0 1008.0 106.0 large-vehicle 0
683.0 710.0 734.0 598.0 864.0 643.0 820.0 761.0 plane 0
798.0 443.0 840.0 331.0 976.0 382.0 925.0 498.0 plane 0
925.0 222.0 1024.0 162.0 1024.0 336.0 1011.0 345.0 plane 2
631.0 847.0 678.0 738.0 813.0 784.0 755.0 901.0 plane 0
