163.0 327.0 164.0 335.0 146.0 331.0 149.0 324.0 small-vehicle 1
231.0 280.0 231.0 287.0 211.0 287.0 211.0 279.0 small-vehicle 1
188.0 291.0 170.0 290.0 171.0 300.0 189.0 300.0 small-vehicle 1
99.0 723.0 95.0 727.0 80.0 715.0 83.0 709.0 small-vehicle 1
233.0 951.0 226.0 954.0 220.0 936.0 228.0 934.0 small-vehicle 1
186.0 975.0 179.0 977.0 172.0 957.0 179.0 955.0 small-vehicle 1
636.0 177.0 633.0 170.0 646.0 162.0 650.0 170.0 small-vehicle 0
624.0 156.0 620.0 148.0 634.0 139.0 637.0 146.0 small-vehicle 0
425.0 319.0 424.0 311.0 441.0 305.0 442.0 313.0 small-vehicle 0
281.0 146.0 273.0 141.0 281.0 129.0 287.0 132.0 small-vehicle 1
477.0 316.0 474.0 310.0 492.0 300.0 496.0 308.0 small-vehicle 1
384.0 348.0 383.0 342.0 396.0 338.0 398.0 345.0 small-vehicle 1
402.0 343.0 399.0 336.0 416.0 330.0 418.0 338.0 small-vehicle 1
319.0 21.0 327.0 24.0 318.0 40.0 310.0 37.0 small-vehicle 0
344.0 29.0 351.0 33.0 345.0 48.0 338.0 45.0 small-vehicle 1
42.0 309.0 44.0 301.0 63.0 307.0 61.0 315.0 small-vehicle 0
106.0 279.0 108.0 271.0 129.0 274.0 128.0 281.0 small-vehicle 1
915.0 173.0 918.0 164.0 935.0 171.0 932.0 179.0 small-vehicle 1
1019.0 289.0 1021.0 283.0 1024.0 284.0 1024.0 291.0 small-vehicle 2
1002.0 281.0 1005.0 277.0 1017.0 283.0 1015.0 287.0 small-vehicle 1
980.0 274.0 983.0 267.0 998.0 273.0 996.0 280.0 small-vehicle 1
956.0 263.0 958.0 257.0 972.0 263.0 969.0 270.0 small-vehicle 1
937.0 256.0 939.0 251.0 953.0 255.0 952.0 261.0 small-vehicle 1
916.0 248.0 919.0 241.0 932.0 247.0 930.0 253.0 small-vehicle 1
898.0 240.0 900.0 233.0 916.0 240.0 913.0 246.0 small-vehicle 1
601.0 161.0 605.0 168.0 594.0 175.0 591.0 168.0 small-vehicle 1
895.0 232.0 893.0 237.0 876.0 232.0 879.0 224.0 small-vehicle 1
832.0 226.0 831.0 218.0 847.0 215.0 848.0 223.0 small-vehicle 1
855.0 226.0 856.0 220.0 870.0 222.0 869.0 229.0 small-vehicle 1
632.0 138.0 626.0 130.0 644.0 121.0 647.0 127.0 small-vehicle 1
254.0 68.0 310.0 68.0 310.0 116.0 254.0 116.0 storage-tank 0
