99.0 211.0 95.0 215.0 80.0 203.0 83.0 197.0 small-vehicle 1
233.0 439.0 226.0 442.0 220.0 424.0 228.0 422.0 small-vehicle 1
186.0 463.0 179.0 465.0 172.0 445.0 179.0 443.0 small-vehicle 1
1014.0 1016.0 1022.0 1023.0 1021.0 1024.0 1006.0 1024.0 small-vehicle 2
190.0 653.0 199.0 650.0 203.0 675.0 194.0 676.0 large-vehicle 0
225.0 562.0 231.0 561.0 234.0 578.0 227.0 580.0 small-vehicle 0
220.0 606.0 228.0 604.0 230.0 622.0 222.0 624.0 small-vehicle 1
787.0 900.0 787.0 908.0 771.0 906.0 773.0 899.0 small-vehicle 1
848.0 923.0 846.0 915.0 861.0 913.0 862.0 921.0 small-vehicle 1
841.0 914.0 841.0 920.0 824.0 919.0 824.0 912.0 small-vehicle 1
787.0 911.0 789.0 904.0 805.0 909.0 803.0 915.0 small-vehicle 1
