538.0 899.0 543.0 892.0 557.0 899.0 552.0 907.0 small-vehicle 1
1014.0 504.0 1022.0 511.0 1010.0 524.0 1003.0 515.0 small-vehicle 0
803.0 619.0 800.0 627.0 783.0 620.0 787.0 612.0 small-vehicle 1
926.0 576.0 930.0 582.0 914.0 591.0 910.0 583.0 small-vehicle 1
190.0 141.0 199.0 138.0 203.0 163.0 194.0 164.0 large-vehicle 0
225.0 50.0 231.0 49.0 234.0 66.0 227.0 68.0 small-vehicle 0
220.0 94.0 228.0 92.0 230.0 110.0 222.0 112.0 small-vehicle 1
864.0 812.0 869.0 808.0 877.0 821.0 872.0 825.0 small-vehicle 1
875.0 797.0 880.0 793.0 890.0 806.0 885.0 811.0 small-vehicle 1
886.0 782.0 893.0 777.0 905.0 792.0 898.0 796.0 small-vehicle 1
894.0 776.0 900.0 771.0 910.0 783.0 905.0 788.0 small-vehicle 1
902.0 769.0 906.0 766.0 917.0 779.0 913.0 782.0 small-vehicle 1
908.0 762.0 912.0 757.0 923.0 767.0 917.0 773.0 small-vehicle 1
920.0 747.0 925.0 744.0 934.0 756.0 928.0 760.0 small-vehicle 1
929.0 743.0 935.0 738.0 944.0 750.0 938.0 756.0 small-vehicle 1
503.0 1007.0 500.0 1015.0 485.0 1011.0 488.0 1003.0 small-vehicle 1
848.0 793.0 854.0 787.0 865.0 804.0 857.0 808.0 small-vehicle 1
473.0 986.0 465.0 978.0 479.0 966.0 486.0 973.0 small-vehicle 1
787.0 388.0 787.0 396.0 771.0 394.0 773.0 387.0 small-vehicle 1
848.0 411.0 846.0 403.0 861.0 401.0 862.0 409.0 small-vehicle 1
841.0 402.0 841.0 408.0 824.0 407.0 824.0 400.0 small-vehicle 1
787.0 399.0 789.0 392.0 805.0 397.0 803.0 403.0 small-vehicle 1
893.0 557.0 896.0 564.0 881.0 569.0 878.0 562.0 small-vehicle 1
650.0 764.0 656.0 767.0 650.0 780.0 644.0 778.0 small-vehicle 1
648.0 564.0 645.0 569.0 629.0 562.0 631.0 557.0 small-vehicle 1
589.0 589.0 586.0 595.0 569.0 588.0 571.0 582.0 small-vehicle 1
929.0 615.0 933.0 624.0 919.0 630.0 916.0 622.0 small-vehicle 1
907.0 628.0 909.0 636.0 895.0 640.0 893.0 631.0 small-vehicle 1
873.0 707.0 874.0 715.0 856.0 717.0 857.0 709.0 small-vehicle 1
855.0 708.0 854.0 717.0 836.0 719.0 836.0 710.0 small-vehicle 1
660.0 767.0 668.0 772.0 661.0 786.0 654.0 782.0 small-vehicle 1
661.0 819.0 671.0 822.0 665.0 838.0 656.0 834.0 small-vehicle 0
680.0 777.0 687.0 779.0 682.0 795.0 674.0 792.0 small-vehicle 0
672.0 771.0 680.0 774.0 674.0 791.0 666.0 788.0 small-vehicle 0
617.0 749.0 624.0 752.0 617.0 767.0 611.0 765.0 small-vehicle 0
626.0 809.0 634.0 814.0 626.0 827.0 619.0 825.0 small-vehicle 0
636.0 775.0 626.0 772.0 636.0 755.0 643.0 760.0 small-vehicle 1
634.0 813.0 642.0 817.0 636.0 830.0 628.0 828.0 small-vehicle 1
617.0 805.0 624.0 808.0 616.0 824.0 610.0 822.0 small-vehicle 0
607.0 801.0 614.0 804.0 608.0 820.0 600.0 818.0 small-vehicle 0
899.0 697.0 901.0 707.0 881.0 713.0 880.0 704.0 small-vehicle 1
945.0 681.0 949.0 689.0 932.0 697.0 927.0 690.0 small-vehicle 1
968.0 673.0 974.0 678.0 960.0 688.0 954.0 684.0 small-vehicle 1
924.0 690.0 926.0 697.0 908.0 703.0 906.0 694.0 small-vehicle 1
