163.0 839.0 164.0 847.0 146.0 843.0 149.0 836.0 small-vehicle 1
231.0 792.0 231.0 799.0 211.0 799.0 211.0 791.0 small-vehicle 1
188.0 803.0 170.0 802.0 171.0 812.0 189.0 812.0 small-vehicle 1
938.0 402.0 946.0 406.0 940.0 417.0 933.0 415.0 small-vehicle 1
815.0 205.0 805.0 203.0 814.0 189.0 821.0 192.0 small-vehicle 1
824.0 207.0 815.0 204.0 822.0 194.0 830.0 196.0 small-vehicle 1
1018.0 433.0 1024.0 437.0 1018.0 452.0 1012.0 451.0 small-vehicle 1
991.0 424.0 999.0 428.0 992.0 442.0 985.0 439.0 small-vehicle 1
972.0 416.0 978.0 419.0 971.0 435.0 964.0 432.0 small-vehicle 1
961.0 413.0 969.0 417.0 964.0 429.0 958.0 426.0 small-vehicle 1
953.0 408.0 961.0 409.0 956.0 423.0 948.0 421.0 small-vehicle 1
1000.0 475.0 1000.0 470.0 1018.0 475.0 1013.0 481.0 small-vehicle 1
794.0 198.0 786.0 193.0 799.0 180.0 805.0 185.0 small-vehicle 1
969.0 462.0 971.0 456.0 986.0 462.0 984.0 467.0 small-vehicle 1
944.0 453.0 945.0 447.0 960.0 452.0 958.0 459.0 small-vehicle 1
923.0 445.0 927.0 436.0 940.0 443.0 936.0 450.0 small-vehicle 1
893.0 432.0 896.0 427.0 912.0 432.0 909.0 439.0 small-vehicle 1
801.0 202.0 795.0 195.0 806.0 185.0 813.0 189.0 small-vehicle 1
864.0 286.0 872.0 289.0 866.0 305.0 858.0 301.0 small-vehicle 1
1000.0 203.0 994.0 199.0 1000.0 184.0 1008.0 187.0 small-vehicle 1
1020.0 212.0 1013.0 207.0 1022.0 193.0 1024.0 204.0 small-vehicle 1
1009.0 207.0 1000.0 204.0 1010.0 188.0 1018.0 191.0 small-vehicle 1
991.0 199.0 985.0 196.0 991.0 181.0 999.0 185.0 small-vehicle 1
872.0 267.0 878.0 270.0 872.0 283.0 866.0 280.0 small-vehicle 1
984.0 196.0 976.0 192.0 982.0 176.0 990.0 179.0 small-vehicle 1
975.0 194.0 969.0 190.0 975.0 175.0 982.0 178.0 small-vehicle 1
967.0 188.0 957.0 185.0 965.0 171.0 975.0 175.0 small-vehicle 1
928.0 252.0 932.0 246.0 947.0 252.0 944.0 260.0 small-vehicle 1
930.0 300.0 928.0 309.0 910.0 305.0 912.0 298.0 small-vehicle 1
920.0 319.0 917.0 328.0 903.0 324.0 905.0 316.0 small-vehicle 1
878.0 246.0 886.0 249.0 879.0 263.0 872.0 261.0 small-vehicle 1
636.0 689.0 633.0 682.0 646.0 674.0 650.0 682.0 small-vehicle 0
624.0 668.0 620.0 660.0 634.0 651.0 637.0 658.0 small-vehicle 0
894.0 1.0 903.0 1.0 898.0 14.0 891.0 11.0 small-vehicle 1
914.0 35.0 909.0 29.0 921.0 16.0 927.0 23.0 small-vehicle 0
948.0 44.0 955.0 45.0 949.0 62.0 942.0 60.0 small-vehicle 0
936.0 39.0 943.0 41.0 939.0 56.0 932.0 53.0 small-vehicle 1
425.0 831.0 424.0 823.0 441.0 817.0 442.0 825.0 small-vehicle 0
281.0 658.0 273.0 653.0 281.0 641.0 287.0 644.0 small-vehicle 1
477.0 828.0 474.0 822.0 492.0 812.0 496.0 820.0 small-vehicle 1
384.0 860.0 383.0 854.0 396.0 850.0 398.0 857.0 small-vehicle 1
402.0 855.0 399.0 848.0 416.0 842.0 418.0 850.0 small-vehicle 1
319.0 533.0 327.0 536.0 318.0 552.0 310.0 549.0 small-vehicle 0
344.0 541.0 351.0 545.0 345.0 560.0 338.0 557.0 small-vehicle 1
42.0 821.0 44.0 813.0 63.0 819.0 61.0 827.0 small-vehicle 0
106.0 791.0 108.0 783.0 129.0 786.0 128.0 793.0 small-vehicle 1
675.0 465.0 678.0 459.0 696.0 463.0 694.0 471.0 small-vehicle 1
874.0 418.0 868.0 423.0 856.0 410.0 863.0 404.0 small-vehicle 1
837.0 201.0 845.0 202.0 844.0 216.0 835.0 215.0 small-vehicle 1
729.0 172.0 732.0 167.0 748.0 174.0 745.0 180.0 small-vehicle 1
915.0 685.0 918.0 676.0 935.0 683.0 932.0 691.0 small-vehicle 1
1019.0 801.0 1021.0 795.0 1024.0 796.0 1024.0 803.0 small-vehicle 2
1002.0 793.0 1005.0 789.0 1017.0 795.0 1015.0 799.0 small-vehicle 1
980.0 786.0 983.0 779.0 998.0 785.0 996.0 792.0 small-vehicle 1
956.0 775.0 958.0 769.0 972.0 775.0 969.0 782.0 small-vehicle 1
937.0 768.0 939.0 763.0 953.0 767.0 952.0 773.0 small-vehicle 1
916.0 760.0 919.0 753.0 932.0 759.0 930.0 765.0 small-vehicle 1
898.0 752.0 900.0 745.0 916.0 752.0 913.0 758.0 small-vehicle 1
794.0 473.0 788.0 470.0 795.0 455.0 802.0 458.0 small-vehicle 1
781.0 477.0 786.0 482.0 774.0 492.0 769.0 487.0 small-vehicle 1
601.0 673.0 605.0 680.0 594.0 687.0 591.0 680.0 small-vehicle 1
907.0 95.0 909.0 89.0 924.0 95.0 921.0 102.0 small-vehicle 1
873.0 163.0 875.0 157.0 894.0 165.0 892.0 171.0 small-vehicle 1
878.0 154.0 880.0 147.0 897.0 156.0 894.0 162.0 small-vehicle 1
883.0 147.0 884.0 142.0 900.0 148.0 899.0 154.0 small-vehicle 1
907.0 132.0 905.0 137.0 889.0 129.0 892.0 124.0 small-vehicle 1
895.0 120.0 897.0 115.0 913.0 122.0 910.0 128.0 small-vehicle 1
901.0 114.0 903.0 108.0 918.0 114.0 915.0 119.0 small-vehicle 1
904.0 105.0 908.0 101.0 919.0 109.0 916.0 113.0 small-vehicle 1
910.0 85.0 913.0 80.0 927.0 87.0 925.0 92.0 small-vehicle 1
914.0 77.0 916.0 71.0 930.0 80.0 928.0 85.0 small-vehicle 1
895.0 744.0 893.0 749.0 876.0 744.0 879.0 736.0 small-vehicle 1
832.0 738.0 831.0 730.0 847.0 727.0 848.0 735.0 small-vehicle 1
855.0 738.0 856.0 732.0 870.0 734.0 869.0 741.0 small-vehicle 1
632.0 650.0 626.0 642.0 644.0 633.0 647.0 639.0 small-vehicle 1
254.0 580.0 310.0 580.0 310.0 628.0 254.0 628.0 storage-tank 0
