538.0 387.0 543.0 380.0 557.0 387.0 552.0 395.0 small-vehicle 1
859.0 703.0 867.0 696.0 879.0 709.0 871.0 715.0 large-vehicle 0
869.0 693.0 873.0 687.0 889.0 700.0 884.0 705.0 large-vehicle 0
876.0 684.0 883.0 679.0 896.0 692.0 890.0 696.0 large-vehicle 0
964.0 615.0 972.0 609.0 982.0 627.0 973.0 634.0 large-vehicle 0
974.0 607.0 984.0 602.0 996.0 623.0 987.0 629.0 large-vehicle 0
998.0 597.0 1007.0 593.0 1018.0 613.0 1008.0 618.0 large-vehicle 0
798.0 955.0 840.0 843.0 976.0 894.0 925.0 1010.0 plane 0
925.0 734.0 1024.0 674.0 1024.0 848.0 1011.0 857.0 plane 2
1006.0 1.0 1021.0 1.0 1010.0 12.0 1003.0 3.0 small-vehicle 2
803.0 107.0 800.0 115.0 783.0 108.0 787.0 100.0 small-vehicle 1
926.0 64.0 930.0 70.0 914.0 79.0 910.0 71.0 small-vehicle 1
864.0 300.0 869.0 296.0 877.0 309.0 872.0 313.0 small-vehicle 1
875.0 285.0 880.0 281.0 890.0 294.0 885.0 299.0 small-vehicle 1
886.0 270.0 893.0 265.0 905.0 280.0 898.0 284.0 small-vehicle 1
894.0 264.0 900.0 259.0 910.0 271.0 905.0 276.0 small-vehicle 1
902.0 257.0 906.0 254.0 917.0 267.0 913.0 270.0 small-vehicle 1
908.0 250.0 912.0 245.0 923.0 255.0 917.0 261.0 small-vehicle 1
920.0 235.0 925.0 232.0 934.0 244.0 928.0 248.0 small-vehicle 1
929.0 231.0 935.0 226.0 944.0 238.0 938.0 244.0 small-vehicle 1
503.0 495.0 500.0 503.0 485.0 499.0 488.0 491.0 small-vehicle 1
848.0 281.0 854.0 275.0 865.0 292.0 857.0 296.0 small-vehicle 1
473.0 474.0 465.0 466.0 479.0 454.0 486.0 461.0 small-vehicle 1
893.0 45.0 896.0 52.0 881.0 57.0 878.0 50.0 small-vehicle 1
650.0 252.0 656.0 255.0 650.0 268.0 644.0 266.0 small-vehicle 1
648.0 52.0 645.0 57.0 629.0 50.0 631.0 45.0 small-vehicle 1
589.0 77.0 586.0 83.0 569.0 76.0 571.0 70.0 small-vehicle 1
929.0 103.0 933.0 112.0 919.0 118.0 916.0 110.0 small-vehicle 1
907.0 116.0 909.0 124.0 895.0 128.0 893.0 119.0 small-vehicle 1
873.0 195.0 874.0 203.0 856.0 205.0 857.0 197.0 small-vehicle 1
855.0 196.0 854.0 205.0 836.0 207.0 836.0 198.0 small-vehicle 1
660.0 255.0 668.0 260.0 661.0 274.0 654.0 270.0 small-vehicle 1
661.0 307.0 671.0 310.0 665.0 326.0 656.0 322.0 small-vehicle 0
680.0 265.0 687.0 267.0 682.0 283.0 674.0 280.0 small-vehicle 0
672.0 259.0 680.0 262.0 674.0 279.0 666.0 276.0 small-vehicle 0
617.0 237.0 624.0 240.0 617.0 255.0 611.0 253.0 small-vehicle 0
626.0 297.0 634.0 302.0 626.0 315.0 619.0 313.0 small-vehicle 0
636.0 263.0 626.0 260.0 636.0 243.0 643.0 248.0 small-vehicle 1
634.0 301.0 642.0 305.0 636.0 318.0 628.0 316.0 small-vehicle 1
617.0 293.0 624.0 296.0 616.0 312.0 610.0 310.0 small-vehicle 0
607.0 289.0 614.0 292.0 608.0 308.0 600.0 306.0 small-vehicle 0
899.0 185.0 901.0 195.0 881.0 201.0 880.0 192.0 small-vehicle 1
945.0 169.0 949.0 177.0 932.0 185.0 927.0 178.0 small-vehicle 1
968.0 161.0 974.0 166.0 960.0 176.0 954.0 172.0 small-vehicle 1
924.0 178.0 926.0 185.0 908.0 191.0 906.0 182.0 small-vehicle 1
